13
-1325.218595 1370.872185 1 1 1
-1242.4868150000002 1370.872185 1 1 1
-1366.584485 1329.5062950000001 1 1 1
-1407.9503750000001 1370.872185 1 1 1
-1283.8527050000002 1246.774515 1 1 1
-1283.8527050000002 1329.5062950000001 1 1 1
-1325.218595 1205.408625 1 1 1
-1242.4868150000002 1205.408625 1 1 1
-1407.9503750000001 1205.408625 1 1 1
-1242.4868150000002 1288.140405 1 1 1
-1325.218595 1288.140405 1 1 1
-1366.584485 1246.774515 1 1 1
-1407.9503750000001 1288.140405 1 1 1
12
-1283.8527050000002 1288.140405
-1366.584485 1288.140405
-1366.584485 1370.872185
-1407.9503750000001 1246.774515
-1407.9503750000001 1329.5062950000001
-1242.4868150000002 1329.5062950000001
-1366.584485 1205.408625
-1325.218595 1246.774515
-1325.218595 1329.5062950000001
-1283.8527050000002 1370.872185
-1242.4868150000002 1246.774515
-1283.8527050000002 1205.408625
24
23 1
12 1
22 1
20 1
1 7
1 18
1 14
1 17
11 1
15 1
2 1
10 1
1 8
25 1
1 21
1 6
19 1
13 1
1 3
1 5
24 1
4 1
1 16
1 9
3
KNicemu 0.01 0.1 0.5 0.9 100 1 0.9
Pouzitelny 1 10 100 1000 1 2 0.09
TurboVelbloud 100 1000 1000 10000 1 5 0.01
12
0.0 1 1 1000
0.005 2 1 1000
0.01 3 1 1000
0.015 4 1 1000
0.02 5 1 1000
0.025 6 1 1000
0.03 7 1 1000
0.035 8 1 1000
0.04 9 1 1000
0.045 10 1 1000
0.05 11 1 1000
0.055 12 1 1000
