10
1975.96 314.05 38 1 41
1070.93 936.32 44 1 6
823.75 339.14 5 1 66
718.60 438.81 33 1 31
341.00 143.38 59 1 44
1500.17 36.45 24 1 37
834.06 604.46 39 1 79
1177.46 756.91 40 1 10
1873.42 1175.43 31 1 38
627.45 202.31 10 1 46
10
673.33 954.47
1404.06 1086.34
421.50 1693.57
873.06 788.14
1615.31 1542.86
331.91 1721.86
1602.47 721.10
1284.65 610.65
1391.79 1262.94
1286.33 1867.34
15
1 3
6 7
7 6
9 7
4 1
2 1
7 7
9 7
4 5
7 3
5 2
8 1
8 6
2 9
2 1
3
Druh_1 129.93 562.68 534 2036 1 95.18 0.91
Druh_2 122.99 549.75 545 2014 1 68.88 0.05
Druh_3 60.78 549.03 510 2004 1 97.83 0.04
20
0.00 8 1 10000
6.18 42 1 10000
11.41 33 1 10000
13.96 25 1 10000
22.31 37 1 10000
30.62 14 1 10000
34.00 46 1 10000
40.20 39 1 10000
41.25 24 1 10000
50.94 16 1 10000
53.70 19 1 10000
59.56 18 1 10000
63.69 38 1 10000
69.86 13 1 10000
79.05 32 1 10000
87.52 7 1 10000
91.87 39 1 10000
98.48 15 1 10000
101.27 18 1 10000
108.43 28 1 10000
